# QR do cliente (https://www.ugt.org.br/COP-31), 29x29, 1 = módulo escuro
11111110011100000100101111111
10000010111111111100101000001
10111010011100011010101011101
10111010011110100101101011101
10111010110101111001001011101
10000010000100000010001000001
11111110101010101010101111111
00000000010110101101000000000
00101110110010010011110010010
00101000100101101100110110101
10000111111100110111000011110
01001101101000101000100101001
00111110110000000110001000101
11111000110101011111010001100
00100011010100010110111011000
00100100001111100000111100110
11111110001000110110001010011
01100101110110110011110000011
00101111101000011111011001110
01010101100010011101001110100
10110011110000110011111110101
00000000101100001000100010111
11111110010001000000101010011
10000010101110011111100011010
10111010111001100110111110001
10111010010110010010100100011
10111010111001000110010000100
10000010010101001000100111111
11111110011111101111111010110
